t(s),N2,NH3,H2
1.00000000e-08,2.54378765e-01,3.13355719e-05,7.45589899e-01
1.45000000e-08,2.50684170e-01,8.46415601e-05,7.49231189e-01
1.90000000e-08,2.46992914e-01,1.57077210e-04,7.52850009e-01
2.35000000e-08,2.43457276e-01,2.44262842e-04,7.56298461e-01
2.80000000e-08,2.40101052e-01,3.44050083e-04,7.59554897e-01
3.25000000e-08,2.36919514e-01,4.55224325e-04,7.62625262e-01
3.70000000e-08,2.33902144e-01,5.76927181e-04,7.65520929e-01
4.15000000e-08,2.31037825e-01,7.08442129e-04,7.68253733e-01
4.60000000e-08,2.28316079e-01,8.49132599e-04,7.70834788e-01
5.05000000e-08,2.25727273e-01,9.98396895e-04,7.73274330e-01
5.50000000e-08,2.23262633e-01,1.15567900e-03,7.75581688e-01
5.95000000e-08,2.20914160e-01,1.32045028e-03,7.77765389e-01
6.40000000e-08,2.18674552e-01,1.49220786e-03,7.79833240e-01
6.85000000e-08,2.16537308e-01,1.67049463e-03,7.81792197e-01
7.30000000e-08,2.14495903e-01,1.85480080e-03,7.83649296e-01
7.75000000e-08,2.12544955e-01,2.04472308e-03,7.85410322e-01
8.20000000e-08,2.10679281e-01,2.23984075e-03,7.87080879e-01
8.65000000e-08,2.08894064e-01,2.43974234e-03,7.88666194e-01
9.10000000e-08,2.07184888e-01,2.64403737e-03,7.90171075e-01
9.55000000e-08,2.05547657e-01,2.85234546e-03,7.91599998e-01
1.00000000e-07,2.03978571e-01,3.06429444e-03,7.92957135e-01
1.45000000e-07,1.91366066e-01,5.30737500e-03,8.03326559e-01
1.90000000e-07,1.82843189e-01,7.57485051e-03,8.09581960e-01
2.35000000e-07,1.77017680e-01,9.68665096e-03,8.13295669e-01
2.80000000e-07,1.73028328e-01,1.15769046e-02,8.15394768e-01
3.25000000e-07,1.70290548e-01,1.32499683e-02,8.16459483e-01
3.70000000e-07,1.68396588e-01,1.47415809e-02,8.16861831e-01
4.15000000e-07,1.67061126e-01,1.60935243e-02,8.16845350e-01
4.60000000e-07,1.66091980e-01,1.73418521e-02,8.16566168e-01
5.05000000e-07,1.65361522e-01,1.85138566e-02,8.16124621e-01
5.50000000e-07,1.64786347e-01,1.96288570e-02,8.15584796e-01
5.95000000e-07,1.64313132e-01,2.06998520e-02,8.14987016e-01
6.40000000e-07,1.63906919e-01,2.17355774e-02,8.14357503e-01
6.85000000e-07,1.63545534e-01,2.27418442e-02,8.13712622e-01
7.30000000e-07,1.63215089e-01,2.37223355e-02,8.13062576e-01
7.75000000e-07,1.62905663e-01,2.46797181e-02,8.12414619e-01
8.20000000e-07,1.62612370e-01,2.56157495e-02,8.11771881e-01
8.65000000e-07,1.62330235e-01,2.65317498e-02,8.11138015e-01
9.10000000e-07,1.62057956e-01,2.74284074e-02,8.10513637e-01
9.55000000e-07,1.61792905e-01,2.83066572e-02,8.09900438e-01
1.00000000e-06,1.61535179e-01,2.91667156e-02,8.09298106e-01
1.45000000e-06,1.59246709e-01,3.68581855e-02,8.03895106e-01
1.90000000e-06,1.57388836e-01,4.31040580e-02,7.99507107e-01
2.35000000e-06,1.55883760e-01,4.81587335e-02,7.95957507e-01
2.80000000e-06,1.54668382e-01,5.22375354e-02,7.93094082e-01
3.25000000e-06,1.53689435e-01,5.55211731e-02,7.90789392e-01
3.70000000e-06,1.52902538e-01,5.81596528e-02,7.88937809e-01
4.15000000e-06,1.52270825e-01,6.02772085e-02,7.87451966e-01
4.60000000e-06,1.51764204e-01,6.19751005e-02,7.86260696e-01
5.05000000e-06,1.51359111e-01,6.33325248e-02,7.85308365e-01
5.50000000e-06,1.51035152e-01,6.44179607e-02,7.84546887e-01
5.95000000e-06,1.50776203e-01,6.52855152e-02,7.83938281e-01
6.40000000e-06,1.50569234e-01,6.59788951e-02,7.83451870e-01
6.85000000e-06,1.50403852e-01,6.65329468e-02,7.83063201e-01
7.30000000e-06,1.50271684e-01,6.69757313e-02,7.82752585e-01
7.75000000e-06,1.50166100e-01,6.73294664e-02,7.82504433e-01
8.20000000e-06,1.50081880e-01,6.76116474e-02,7.82306473e-01
8.65000000e-06,1.50014752e-01,6.78365791e-02,7.82148669e-01
9.10000000e-06,1.49961266e-01,6.80158255e-02,7.82022909e-01
9.55000000e-06,1.49918640e-01,6.81586953e-02,7.81922664e-01
1.00000000e-05,1.49884666e-01,6.82725960e-02,7.81842738e-01
1.45000000e-05,1.49765223e-01,6.86738954e-02,7.81560882e-01
1.90000000e-05,1.49753240e-01,6.87153494e-02,7.81531411e-01
2.35000000e-05,1.49752371e-01,6.87195963e-02,7.81528033e-01
2.80000000e-05,1.49752647e-01,6.87200039e-02,7.81527349e-01
3.25000000e-05,1.49753046e-01,6.87200032e-02,7.81526951e-01
3.70000000e-05,1.49753464e-01,6.87199391e-02,7.81526597e-01
4.15000000e-05,1.49753881e-01,6.87198773e-02,7.81526242e-01
4.60000000e-05,1.49754297e-01,6.87198191e-02,7.81525884e-01
5.05000000e-05,1.49754712e-01,6.87197627e-02,7.81525525e-01
5.50000000e-05,1.49755128e-01,6.87197064e-02,7.81525166e-01
5.95000000e-05,1.49755543e-01,6.87196500e-02,7.81524807e-01
6.40000000e-05,1.49755958e-01,6.87195936e-02,7.81524448e-01
6.85000000e-05,1.49756374e-01,6.87195373e-02,7.81524089e-01
7.30000000e-05,1.49756789e-01,6.87194809e-02,7.81523730e-01
7.75000000e-05,1.49757204e-01,6.87194246e-02,7.81523371e-01
8.20000000e-05,1.49757620e-01,6.87193683e-02,7.81523012e-01
8.65000000e-05,1.49758035e-01,6.87193123e-02,7.81522653e-01
9.10000000e-05,1.49758450e-01,6.87192562e-02,7.81522294e-01
9.55000000e-05,1.49758865e-01,6.87192001e-02,7.81521935e-01
1.00000000e-04,1.49759280e-01,6.87191441e-02,7.81521576e-01
1.45000000e-04,1.49763432e-01,6.87185834e-02,7.81517984e-01
1.90000000e-04,1.49767585e-01,6.87180227e-02,7.81514393e-01
2.35000000e-04,1.49771737e-01,6.87174620e-02,7.81510801e-01
2.80000000e-04,1.49775882e-01,6.87169022e-02,7.81507216e-01
3.25000000e-04,1.49780027e-01,6.87163423e-02,7.81503631e-01
3.70000000e-04,1.49784173e-01,6.87157825e-02,7.81500045e-01
4.15000000e-04,1.49788318e-01,6.87152226e-02,7.81496459e-01
4.60000000e-04,1.49792464e-01,6.87146628e-02,7.81492873e-01
5.05000000e-04,1.49796610e-01,6.87141029e-02,7.81489288e-01
5.50000000e-04,1.49800755e-01,6.87135430e-02,7.81485702e-01
5.95000000e-04,1.49804901e-01,6.87129831e-02,7.81482115e-01
6.40000000e-04,1.49809048e-01,6.87124231e-02,7.81478529e-01
6.85000000e-04,1.49813194e-01,6.87118632e-02,7.81474943e-01
7.30000000e-04,1.49817340e-01,6.87113032e-02,7.81471357e-01
7.75000000e-04,1.49821487e-01,6.87107432e-02,7.81467770e-01
8.20000000e-04,1.49825633e-01,6.87101832e-02,7.81464183e-01
8.65000000e-04,1.49829780e-01,6.87096232e-02,7.81460597e-01
9.10000000e-04,1.49833927e-01,6.87090632e-02,7.81457010e-01
9.55000000e-04,1.49838074e-01,6.87085031e-02,7.81453423e-01
1.00000000e-03,1.49842221e-01,6.87079431e-02,7.81449836e-01
1.45000000e-03,1.49883698e-01,6.87023415e-02,7.81413960e-01
1.90000000e-03,1.49925030e-01,6.86967575e-02,7.81378213e-01
2.35000000e-03,1.49966350e-01,6.86911747e-02,7.81342476e-01
2.80000000e-03,1.50007681e-01,6.86855904e-02,7.81306728e-01
3.25000000e-03,1.50049025e-01,6.86800044e-02,7.81270971e-01
3.70000000e-03,1.50090380e-01,6.86744168e-02,7.81235203e-01
4.15000000e-03,1.50131747e-01,6.86688277e-02,7.81199425e-01
4.60000000e-03,1.50173126e-01,6.86632369e-02,7.81163637e-01
5.05000000e-03,1.50214390e-01,6.86576594e-02,7.81127951e-01
5.50000000e-03,1.50255579e-01,6.86520904e-02,7.81092331e-01
5.95000000e-03,1.50296779e-01,6.86465198e-02,7.81056701e-01
6.40000000e-03,1.50337992e-01,6.86409477e-02,7.81021061e-01
6.85000000e-03,1.50379216e-01,6.86353739e-02,7.80985410e-01
7.30000000e-03,1.50420452e-01,6.86297986e-02,7.80949750e-01
7.75000000e-03,1.50461699e-01,6.86242217e-02,7.80914079e-01
8.20000000e-03,1.50502924e-01,6.86186470e-02,7.80878429e-01
8.65000000e-03,1.50544077e-01,6.86130798e-02,7.80842843e-01
9.10000000e-03,1.50585226e-01,6.86075127e-02,7.80807261e-01
9.55000000e-03,1.50626373e-01,6.86019456e-02,7.80771681e-01
1.00000000e-02,1.50667516e-01,6.85963786e-02,7.80736105e-01
1.45000000e-02,1.51078779e-01,6.85407102e-02,7.80380511e-01
1.90000000e-02,1.51488426e-01,6.84852048e-02,7.80026369e-01
2.35000000e-02,1.51897001e-01,6.84297952e-02,7.79673204e-01
2.80000000e-02,1.52304880e-01,6.83744347e-02,7.79320685e-01
3.25000000e-02,1.52711157e-01,6.83192404e-02,7.78969602e-01
3.70000000e-02,1.53116338e-01,6.82641497e-02,7.78619512e-01
4.15000000e-02,1.53520525e-01,6.82091516e-02,7.78270324e-01
4.60000000e-02,1.53922826e-01,6.81543616e-02,7.77922813e-01
5.05000000e-02,1.54324228e-01,6.80996544e-02,7.77576118e-01
5.50000000e-02,1.54724548e-01,6.80450546e-02,7.77230398e-01
5.95000000e-02,1.55122333e-01,6.79907502e-02,7.76886916e-01
6.40000000e-02,1.55520365e-01,6.79363841e-02,7.76543251e-01
6.85000000e-02,1.55917491e-01,6.78821032e-02,7.76200406e-01
7.30000000e-02,1.56311384e-01,6.78282050e-02,7.75860411e-01
7.75000000e-02,1.56705305e-01,6.77742875e-02,7.75520408e-01
8.20000000e-02,1.57097984e-01,6.77205030e-02,7.75181513e-01
8.65000000e-02,1.57488595e-01,6.76669507e-02,7.74844455e-01
9.10000000e-02,1.57877806e-01,6.76135662e-02,7.74508628e-01
9.55000000e-02,1.58265532e-01,6.75603526e-02,7.74174115e-01
1.00000000e-01,1.58651763e-01,6.75073103e-02,7.73840927e-01
1.45000000e-01,1.62444043e-01,6.69849280e-02,7.70571029e-01
1.90000000e-01,1.66098930e-01,6.64790254e-02,7.67422045e-01
2.35000000e-01,1.69615877e-01,6.59903759e-02,7.64393747e-01
2.80000000e-01,1.72996221e-01,6.55193666e-02,7.61484413e-01
3.25000000e-01,1.76241543e-01,6.50662558e-02,7.58692201e-01
3.70000000e-01,1.79352460e-01,6.46312833e-02,7.56016257e-01
4.15000000e-01,1.82323058e-01,6.42153240e-02,7.53461618e-01
4.60000000e-01,1.85141678e-01,6.38203176e-02,7.51038004e-01
5.05000000e-01,1.87798372e-01,6.34478811e-02,7.48753747e-01
5.50000000e-01,1.90282541e-01,6.30997136e-02,7.46617745e-01
5.95000000e-01,1.92649654e-01,6.27684893e-02,7.44581857e-01
6.40000000e-01,1.95019526e-01,6.24380033e-02,7.42542471e-01
6.85000000e-01,1.97281776e-01,6.21229564e-02,7.40595268e-01
7.30000000e-01,1.99440348e-01,6.18229401e-02,7.38736711e-01
7.75000000e-01,2.01496065e-01,6.15377899e-02,7.36966145e-01
8.20000000e-01,2.03436281e-01,6.12692214e-02,7.35294497e-01
8.65000000e-01,2.05279260e-01,6.10147515e-02,7.33705988e-01
9.10000000e-01,2.07031530e-01,6.07734043e-02,7.32195065e-01
9.55000000e-01,2.08688528e-01,6.05459837e-02,7.30765488e-01
1.00000000e+00,2.10247925e-01,6.03328133e-02,7.29419261e-01
1.45000000e+00,2.21708821e-01,5.87944697e-02,7.19496709e-01
1.90000000e+00,2.28194901e-01,5.79694227e-02,7.13835676e-01
2.35000000e+00,2.31715830e-01,5.75677359e-02,7.10716434e-01
2.80000000e+00,2.33568406e-01,5.74017282e-02,7.09029865e-01
3.25000000e+00,2.34567248e-01,5.73568687e-02,7.08075884e-01
3.70000000e+00,2.35067355e-01,5.73821450e-02,7.07550500e-01
4.00000000e+00,2.35255875e-01,5.74193186e-02,7.07324806e-01
