z(m),CH2CH3(S),CH3(S),H(S),CH2(S),CHCH3(S),CH2CH2(S),CH(S),CCH3(S),CHCH2(S),C(S),CCH2(S),CHCH(S),CCH(S),CC(S),CH4(S),PT(S)
0.000000e+00,2.394264e-07,3.901079e-10,3.357317e-04,2.440973e-08,2.628500e-11,1.331599e-09,1.960118e-01,3.953469e-03,1.196813e-07,6.292844e-01,2.115487e-02,2.278296e-05,1.006912e-05,3.582102e-06,4.186896e-13,1.492229e-01
1.000000e-06,1.839873e-07,3.403291e-10,3.949518e-04,5.104368e-08,3.912382e-11,3.150644e-09,2.737948e-01,4.199139e-03,1.287325e-07,5.889261e-01,1.511009e-02,5.944180e-05,1.677758e-05,3.999544e-06,1.743176e-12,1.174943e-01
1.450000e-06,1.737225e-07,3.431579e-10,4.099038e-04,5.959223e-08,4.384467e-11,3.719679e-09,2.924799e-01,4.351350e-03,1.339117e-07,5.766046e-01,1.436110e-02,7.171851e-05,1.848814e-05,4.039694e-06,2.294769e-12,1.116985e-01
1.900000e-06,1.660003e-07,3.488767e-10,4.217806e-04,6.712637e-08,4.828485e-11,4.211418e-09,3.073807e-01,4.503606e-03,1.390574e-07,5.663373e-01,1.389833e-02,8.270970e-05,1.988924e-05,4.061788e-06,2.844784e-12,1.073512e-01
2.350000e-06,1.598239e-07,3.559263e-10,4.315618e-04,7.392222e-08,5.252872e-11,4.646692e-09,3.197759e-01,4.653428e-03,1.441070e-07,5.575455e-01,1.359490e-02,9.275628e-05,2.108501e-05,4.075082e-06,3.397720e-12,1.038805e-01
2.800000e-06,1.546865e-07,3.636111e-10,4.398237e-04,8.014784e-08,5.662533e-11,5.038409e-09,3.303805e-01,4.800000e-03,1.490430e-07,5.498644e-01,1.338980e-02,1.020667e-04,2.213365e-05,4.083661e-06,3.955801e-12,1.009968e-01
3.250000e-06,1.502958e-07,3.715826e-10,4.469359e-04,8.591512e-08,6.060594e-11,5.395255e-09,3.396378e-01,4.943099e-03,1.538631e-07,5.430499e-01,1.324975e-02,1.107802e-04,2.307119e-05,4.089561e-06,4.520203e-12,9.853415e-02
3.700000e-06,1.464679e-07,3.796530e-10,4.531501e-04,9.130329e-08,6.449180e-11,5.723413e-09,3.478426e-01,5.082737e-03,1.585707e-07,5.369310e-01,1.315488e-02,1.189954e-04,2.392157e-05,4.093885e-06,5.091569e-12,9.638820e-02
4.150000e-06,1.430794e-07,3.877161e-10,4.586454e-04,9.637104e-08,6.829813e-11,6.027479e-09,3.552017e-01,5.219024e-03,1.631713e-07,5.313828e-01,1.309257e-02,1.267855e-04,2.470155e-05,4.097269e-06,5.670243e-12,9.448932e-02
4.600000e-06,1.400437e-07,3.957108e-10,4.635538e-04,1.011633e-07,7.203621e-11,6.310976e-09,3.618658e-01,5.352103e-03,1.676710e-07,5.263114e-01,1.305440e-02,1.342069e-04,2.542337e-05,4.100092e-06,6.256400e-12,9.278863e-02
5.050000e-06,1.372975e-07,4.036013e-10,4.679752e-04,1.057155e-07,7.571467e-11,6.576679e-09,3.679484e-01,5.482130e-03,1.720756e-07,5.216445e-01,1.303453e-02,1.413039e-04,2.609625e-05,4.102594e-06,6.850113e-12,9.125050e-02
5.500000e-06,1.347931e-07,4.113674e-10,4.719871e-04,1.100561e-07,7.934028e-11,6.826816e-09,3.735373e-01,5.609259e-03,1.763907e-07,5.173252e-01,1.302878e-02,1.481124e-04,2.672730e-05,4.104924e-06,7.451395e-12,8.984815e-02
5.950000e-06,1.324937e-07,4.189982e-10,4.756508e-04,1.142084e-07,8.291848e-11,7.063208e-09,3.787015e-01,5.733636e-03,1.806217e-07,5.133077e-01,1.303407e-02,1.546617e-04,2.732218e-05,4.107182e-06,8.060217e-12,8.856093e-02
6.400000e-06,1.303704e-07,4.264887e-10,4.790153e-04,1.181919e-07,8.645369e-11,7.287367e-09,3.834967e-01,5.855400e-03,1.847731e-07,5.095547e-01,1.304811e-02,1.609765e-04,2.788540e-05,4.109431e-06,8.676533e-12,8.737257e-02
6.850000e-06,1.283998e-07,4.338376e-10,4.821206e-04,1.220228e-07,8.994959e-11,7.500562e-09,3.879683e-01,5.974677e-03,1.888495e-07,5.060357e-01,1.306914e-02,1.670774e-04,2.842069e-05,4.111713e-06,9.300279e-12,8.627004e-02
7.300000e-06,1.265629e-07,4.410461e-10,4.849996e-04,1.257152e-07,9.340927e-11,7.703871e-09,3.921536e-01,6.091587e-03,1.928548e-07,5.027249e-01,1.309579e-02,1.729823e-04,2.893112e-05,4.114057e-06,9.931388e-12,8.524271e-02
7.750000e-06,1.248442e-07,4.481168e-10,4.876799e-04,1.292810e-07,9.683535e-11,7.898218e-09,3.960840e-01,6.206237e-03,1.967927e-07,4.996006e-01,1.312699e-02,1.787066e-04,2.941927e-05,4.116481e-06,1.056979e-11,8.428181e-02
8.200000e-06,1.232306e-07,4.550531e-10,4.901844e-04,1.327306e-07,1.002301e-10,8.084400e-09,3.997860e-01,6.318729e-03,2.006665e-07,4.966444e-01,1.316188e-02,1.842634e-04,2.988732e-05,4.118995e-06,1.121541e-11,8.338003e-02
8.650000e-06,1.217110e-07,4.618591e-10,4.925326e-04,1.360732e-07,1.035954e-10,8.263113e-09,4.032823e-01,6.429156e-03,2.044792e-07,4.938405e-01,1.319978e-02,1.896647e-04,3.033715e-05,4.121607e-06,1.186818e-11,8.253120e-02
9.100000e-06,1.202760e-07,4.685391e-10,4.947414e-04,1.393167e-07,1.069331e-10,8.434966e-09,4.065921e-01,6.537604e-03,2.082336e-07,4.911751e-01,1.324013e-02,1.949207e-04,3.077038e-05,4.124319e-06,1.252803e-11,8.173004e-02
9.550000e-06,1.189177e-07,4.750977e-10,4.968251e-04,1.424682e-07,1.102445e-10,8.600497e-09,4.097322e-01,6.644152e-03,2.119324e-07,4.886364e-01,1.328247e-02,2.000408e-04,3.118840e-05,4.127134e-06,1.319491e-11,8.097205e-02
1.000000e-05,1.176289e-07,4.815393e-10,4.987960e-04,1.455340e-07,1.135312e-10,8.760182e-09,4.127175e-01,6.748874e-03,2.155780e-07,4.862139e-01,1.332643e-02,2.050331e-04,3.159245e-05,4.130051e-06,1.386874e-11,8.025331e-02
1.450000e-05,1.075267e-07,5.404229e-10,5.141541e-04,1.724955e-07,1.452452e-10,1.011088e-08,4.362717e-01,7.708807e-03,2.495212e-07,4.667693e-01,1.380568e-02,2.492740e-04,3.505319e-05,4.164384e-06,2.097944e-11,7.464140e-02
1.900000e-05,1.005900e-07,5.915293e-10,5.249152e-04,1.947786e-07,1.753013e-10,1.116254e-08,4.525225e-01,8.540264e-03,2.798422e-07,4.529702e-01,1.428577e-02,2.859502e-04,3.781896e-05,4.206299e-06,2.874688e-11,7.082781e-02
2.350000e-05,9.543638e-08,6.371285e-10,5.334010e-04,2.140608e-07,2.040750e-10,1.203306e-08,4.645616e-01,9.272313e-03,3.074289e-07,4.425035e-01,1.473214e-02,3.174113e-04,4.016559e-05,4.253774e-06,3.716137e-11,6.803453e-02
2.800000e-05,9.141725e-08,6.786512e-10,5.406262e-04,2.312460e-07,2.317895e-10,1.278309e-08,4.738771e-01,9.923689e-03,3.328381e-07,4.342330e-01,1.513871e-02,3.449855e-04,4.223160e-05,4.305556e-06,4.622959e-11,6.589468e-02
3.250000e-05,8.817748e-08,7.170475e-10,5.471039e-04,2.468834e-07,2.585970e-10,1.344790e-08,4.812978e-01,1.050754e-02,3.564511e-07,4.275157e-01,1.550675e-02,3.695167e-04,4.409707e-05,4.360862e-06,5.596821e-11,6.420648e-02
3.700000e-05,8.550238e-08,7.529805e-10,5.531193e-04,2.613339e-07,2.846113e-10,1.404979e-08,4.873316e-01,1.103367e-02,3.785459e-07,4.219523e-01,1.583946e-02,3.915842e-04,4.581272e-05,4.419167e-06,6.640042e-11,6.284736e-02
4.150000e-05,8.325270e-08,7.869318e-10,5.588418e-04,2.748484e-07,3.099226e-10,1.460369e-08,4.923117e-01,1.150970e-02,3.993342e-07,4.172776e-01,1.614041e-02,4.116080e-04,4.741276e-05,4.480106e-06,7.755400e-11,6.173748e-02
4.600000e-05,8.133323e-08,8.192634e-10,5.643767e-04,2.876090e-07,3.346057e-10,1.512010e-08,4.964683e-01,1.194178e-02,4.189834e-07,4.133064e-01,1.641297e-02,4.299052e-04,4.892141e-05,4.543401e-06,8.946016e-11,6.082201e-02
5.050000e-05,7.967616e-08,8.502545e-10,5.697920e-04,2.997523e-07,3.587244e-10,1.560661e-08,4.999667e-01,1.233499e-02,4.376293e-07,4.099041e-01,1.666019e-02,4.467229e-04,5.035640e-05,4.608839e-06,1.021527e-10,6.006171e-02
5.500000e-05,7.823157e-08,8.801257e-10,5.751325e-04,3.113835e-07,3.823347e-10,1.606890e-08,5.029297e-01,1.269359e-02,4.553844e-07,4.069697e-01,1.688480e-02,4.622588e-04,5.173113e-05,4.676242e-06,1.156678e-10,5.942759e-02
5.950000e-05,7.696173e-08,9.090543e-10,5.804281e-04,3.225854e-07,4.054865e-10,1.651132e-08,5.054507e-01,1.302127e-02,4.723440e-07,4.044254e-01,1.708919e-02,4.766744e-04,5.305592e-05,4.745459e-06,1.300431e-10,5.889758e-02
6.400000e-05,7.583744e-08,9.371851e-10,5.856990e-04,3.334244e-07,4.282249e-10,1.693725e-08,5.076028e-01,1.332119e-02,4.885899e-07,4.022101e-01,1.727548e-02,4.901038e-04,5.433888e-05,4.816359e-06,1.453183e-10,5.845455e-02
6.850000e-05,7.483568e-08,9.646383e-10,5.909587e-04,3.439545e-07,4.505913e-10,1.734936e-08,5.094437e-01,1.359616e-02,5.041930e-07,4.002746e-01,1.744553e-02,5.026600e-04,5.558648e-05,4.888821e-06,1.615340e-10,5.808491e-02
7.300000e-05,7.393799e-08,9.915144e-10,5.962162e-04,3.542202e-07,4.726238e-10,1.774981e-08,5.110203e-01,1.384864e-02,5.192156e-07,3.985789e-01,1.760102e-02,5.144393e-04,5.680395e-05,4.962736e-06,1.787325e-10,5.777771e-02
7.750000e-05,7.312938e-08,1.017899e-09,6.014770e-04,3.642585e-07,4.943577e-10,1.814033e-08,5.123708e-01,1.408085e-02,5.337129e-07,3.970899e-01,1.774343e-02,5.255250e-04,5.799556e-05,5.038001e-06,1.969569e-10,5.752398e-02
8.200000e-05,7.239750e-08,1.043864e-09,6.067444e-04,3.741007e-07,5.158260e-10,1.852237e-08,5.135269e-01,1.429476e-02,5.477342e-07,3.957800e-01,1.787407e-02,5.359892e-04,5.916482e-05,5.114517e-06,2.162512e-10,5.731628e-02
8.650000e-05,7.173208e-08,1.069474e-09,6.120202e-04,3.837732e-07,5.370599e-10,1.889710e-08,5.145151e-01,1.449214e-02,5.613237e-07,3.946258e-01,1.799415e-02,5.458953e-04,6.031465e-05,5.192190e-06,2.366607e-10,5.714839e-02
9.100000e-05,7.112447e-08,1.094781e-09,6.173046e-04,3.932986e-07,5.580884e-10,1.926551e-08,5.153579e-01,1.467462e-02,5.745213e-07,3.936074e-01,1.810471e-02,5.552993e-04,6.144747e-05,5.270929e-06,2.582311e-10,5.701503e-02
9.550000e-05,7.056738e-08,1.119834e-09,6.225971e-04,4.026964e-07,5.789390e-10,1.962842e-08,5.160745e-01,1.484364e-02,5.873632e-07,3.927076e-01,1.820674e-02,5.642505e-04,6.256532e-05,5.350646e-06,2.810089e-10,5.691171e-02
1.000000e-04,7.005456e-08,1.144674e-09,6.278966e-04,4.119832e-07,5.996375e-10,1.998654e-08,5.166814e-01,1.500054e-02,5.998825e-07,3.919116e-01,1.830109e-02,5.727933e-04,6.366990e-05,5.431254e-06,3.050413e-10,5.683454e-02
1.450000e-04,6.646726e-08,1.387659e-09,6.808114e-04,5.011811e-07,8.030129e-10,2.339897e-08,5.191092e-01,1.612245e-02,7.128481e-07,3.874662e-01,1.896474e-02,6.427704e-04,7.421355e-05,6.268605e-06,6.250045e-10,5.693206e-02
1.900000e-04,6.419258e-08,1.631982e-09,7.320559e-04,5.876817e-07,1.010622e-09,2.664767e-08,5.189841e-01,1.686540e-02,8.148221e-07,3.856057e-01,1.939473e-02,6.980139e-04,8.415663e-05,7.115264e-06,1.124052e-09,5.762716e-02
2.350000e-04,6.237862e-08,1.884579e-09,7.804272e-04,6.734865e-07,1.230313e-09,2.980369e-08,5.185839e-01,1.751146e-02,9.134836e-07,3.841517e-01,1.976606e-02,7.472342e-04,9.362101e-05,7.929589e-06,1.851539e-09,5.835602e-02
2.800000e-04,6.083815e-08,2.147988e-09,8.261836e-04,7.588128e-07,1.462416e-09,3.288970e-08,5.181988e-01,1.810755e-02,1.010129e-06,3.828063e-01,2.010601e-02,7.923588e-04,1.026573e-04,8.707393e-06,2.861285e-09,5.904952e-02
3.250000e-04,5.950659e-08,2.424397e-09,8.698488e-04,8.436922e-07,1.705685e-09,3.592248e-08,5.178009e-01,1.865652e-02,1.104790e-06,3.815802e-01,2.041562e-02,8.339636e-04,1.113219e-04,9.454580e-06,4.213365e-09,5.972018e-02
3.700000e-04,5.821631e-08,2.715032e-09,9.105604e-04,9.282259e-07,1.964969e-09,3.890287e-08,5.179187e-01,1.924942e-02,1.200650e-06,3.799444e-01,2.074930e-02,8.747497e-04,1.195501e-04,1.014050e-05,5.952170e-09,6.022093e-02
4.150000e-04,5.677625e-08,3.016940e-09,9.463426e-04,1.011959e-06,2.249985e-09,4.180690e-08,5.193366e-01,2.002938e-02,1.302931e-06,3.771151e-01,2.118936e-02,9.184780e-04,1.271072e-04,1.070015e-05,8.072751e-09,6.032454e-02
4.600000e-04,5.519637e-08,3.323628e-09,9.765984e-04,1.093501e-06,2.562047e-09,4.460965e-08,5.220559e-01,2.102187e-02,1.412267e-06,3.730628e-01,2.174358e-02,9.654795e-04,1.337953e-04,1.110650e-05,1.053867e-08,6.002625e-02
5.050000e-04,5.369163e-08,3.631261e-09,1.003322e-03,1.171383e-06,2.886731e-09,4.731667e-08,5.251189e-01,2.207567e-02,1.522118e-06,3.687137e-01,2.231820e-02,1.011520e-03,1.396797e-04,1.141153e-05,1.335322e-08,5.960481e-02
5.500000e-04,5.243058e-08,3.941742e-09,1.028979e-03,1.245256e-06,3.207147e-09,4.995744e-08,5.276555e-01,2.302571e-02,1.625556e-06,3.649393e-01,2.282040e-02,1.052540e-03,1.450027e-04,1.168607e-05,1.657421e-08,5.931790e-02
5.950000e-04,5.136082e-08,4.257578e-09,1.053867e-03,1.315844e-06,3.522886e-09,5.255000e-08,5.297407e-01,2.387935e-02,1.723148e-06,3.616692e-01,2.325876e-02,1.089249e-03,1.498938e-04,1.194129e-05,2.022841e-08,5.914391e-02
6.400000e-04,5.031011e-08,4.576028e-09,1.076388e-03,1.383821e-06,3.848297e-09,5.508855e-08,5.320549e-01,2.478109e-02,1.821302e-06,3.581995e-01,2.371348e-02,1.125611e-03,1.542649e-04,1.213262e-05,2.424472e-08,5.887928e-02
6.850000e-04,4.919777e-08,4.891079e-09,1.095511e-03,1.449031e-06,4.192301e-09,5.756525e-08,5.349561e-01,2.582093e-02,1.923758e-06,3.541422e-01,2.422951e-02,1.163758e-03,1.579884e-04,1.222855e-05,2.851478e-08,5.841827e-02
7.300000e-04,4.807756e-08,5.199362e-09,1.111851e-03,1.510866e-06,4.548939e-09,5.998747e-08,5.382156e-01,2.695911e-02,2.028307e-06,3.497181e-01,2.478143e-02,1.202412e-03,1.610668e-04,1.224404e-05,3.298964e-08,5.783449e-02
7.750000e-04,4.701421e-08,5.500582e-09,1.126413e-03,1.569023e-06,4.908769e-09,6.236892e-08,5.415227e-01,2.812728e-02,2.131609e-06,3.452465e-01,2.533187e-02,1.239783e-03,1.635848e-04,1.220704e-05,3.766446e-08,5.722576e-02
8.200000e-04,4.601397e-08,5.794113e-09,1.139536e-03,1.623593e-06,5.269081e-09,6.471713e-08,5.448096e-01,2.931072e-02,2.232945e-06,3.407961e-01,2.587314e-02,1.275579e-03,1.655997e-04,1.212848e-05,4.251097e-08,5.661357e-02
8.650000e-04,4.507826e-08,6.079548e-09,1.151485e-03,1.674708e-06,5.627699e-09,6.703887e-08,5.480357e-01,3.049910e-02,2.331818e-06,3.364090e-01,2.640033e-02,1.309630e-03,1.671628e-04,1.201691e-05,4.750267e-08,5.601129e-02
9.100000e-04,4.428030e-08,6.362464e-09,1.163666e-03,1.722464e-06,5.969271e-09,6.935501e-08,5.508435e-01,3.158275e-02,2.423251e-06,3.324887e-01,2.686302e-02,1.339533e-03,1.684451e-04,1.190962e-05,5.274096e-08,5.553417e-02
9.550000e-04,4.379479e-08,6.661716e-09,1.179333e-03,1.767237e-06,6.256359e-09,7.170781e-08,5.523991e-01,3.228751e-02,2.495130e-06,3.299975e-01,2.714064e-02,1.359532e-03,1.698570e-04,1.189124e-05,5.860806e-08,5.545023e-02
1.000000e-03,4.388535e-08,7.016301e-09,1.203592e-03,1.810028e-06,6.429970e-09,7.414989e-08,5.513951e-01,3.218519e-02,2.528696e-06,3.304409e-01,2.704925e-02,1.360959e-03,1.721114e-04,1.209980e-05,6.591354e-08,5.617631e-02
1.000000e-03,4.388535e-08,7.016301e-09,1.203592e-03,1.810028e-06,6.429970e-09,7.414989e-08,5.513951e-01,3.218519e-02,2.528696e-06,3.304409e-01,2.704925e-02,1.360959e-03,1.721114e-04,1.209980e-05,6.591354e-08,5.617631e-02
